lev1	lev2	lev3	lev4	loc1	haplo
1	1	1	1	5479	11
1	1	1	1	4268	18
1	1	1	1	5498	14
1	1	1	2	1954	12
1	1	1	2	 170	4
1	1	1	2	3784	3
1	1	1	3	8827	12
1	1	1	3	1290	17
1	1	1	3	8934	14
1	1	1	4	6078	19
1	1	1	4	 864	19
1	1	1	4	2379	13
1	1	2	1	 763	6
1	1	2	1	1567	3
1	1	2	1	5437	1
1	1	2	2	8152	1
1	1	2	2	8606	17
1	1	2	2	5724	4
1	1	2	3	7263	10
1	1	2	3	 273	8
1	1	2	3	 338	9
1	1	2	4	4752	11
1	1	2	4	9722	16
1	1	2	4	5454	18
1	1	2	4	 380	5
1	2	1	1	3117	5
1	2	1	1	7199	8
1	2	1	1	2894	17
1	2	1	2	7648	10
1	2	1	2	8791	18
1	2	1	2	1054	4
1	2	1	3	4691	11
1	2	1	3	4905	4
1	2	1	3	1083	8
1	2	1	4	6056	10
1	2	1	4	1848	19
1	2	1	4	1175	16
1	2	2	1	8782	18
1	2	2	1	3254	9
1	2	2	1	6656	14
1	2	2	2	6809	12
1	2	2	2	3126	3
1	2	2	2	6403	15
1	2	2	3	1726	20
1	2	2	3	5125	14
1	2	2	3	6744	8
1	2	2	4	3743	9
1	2	2	4	2147	19
1	2	2	4	7804	5
1	2	2	4	3146	9
1	3	1	1	 702	2
1	3	1	1	4169	15
1	3	1	1	3468	8
1	3	1	2	3730	18
1	3	1	2	2064	16
1	3	1	2	 730	18
1	3	1	3	9404	9
1	3	1	3	6644	14
1	3	1	3	9323	8
1	3	1	4	 241	4
1	3	1	4	1605	11
1	3	1	4	3157	2
1	3	2	1	6318	3
1	3	2	1	3704	11
1	3	2	1	8616	6
1	3	2	2	1320	6
1	3	2	2	5894	12
1	3	2	2	1212	20
1	3	2	3	2122	3
1	3	2	3	6212	11
1	3	2	3	5881	19
1	3	2	4	8971	8
1	3	2	4	 311	8
1	3	2	4	5162	4
1	3	2	4	 972	20
1	4	1	1	7706	16
1	4	1	1	2182	5
1	4	1	1	9078	18
1	4	1	2	1453	10
1	4	1	2	 638	3
1	4	1	2	2295	17
1	4	1	3	9281	5
1	4	1	3	7273	10
1	4	1	3	3406	17
1	4	1	4	8219	2
1	4	1	4	8027	16
1	4	1	4	 530	7
1	4	2	1	8970	20
1	4	2	1	8498	11
1	4	2	1	6786	15
1	4	2	2	2182	4
1	4	2	2	3355	8
1	4	2	2	8589	18
1	4	2	3	5015	13
1	4	2	3	7664	16
1	4	2	3	1479	15
1	4	2	4	4387	18
1	4	2	4	9597	7
1	4	2	4	4717	2
1	4	2	4	1825	7
2	1	1	1	8333	9
2	1	1	1	9326	12
2	1	1	1	4242	8
2	1	1	2	9003	9
2	1	1	2	7274	12
2	1	1	2	8247	18
2	1	1	3	5623	16
2	1	1	3	1812	10
2	1	1	3	6008	7
2	1	1	4	4019	14
2	1	1	4	2928	2
2	1	1	4	8289	7
2	1	2	1	6744	4
2	1	2	1	1740	12
2	1	2	1	6961	19
2	1	2	2	 490	4
2	1	2	2	7179	5
2	1	2	2	6148	15
2	1	2	3	4217	8
2	1	2	3	8454	15
2	1	2	3	3947	11
2	1	2	4	1066	4
2	1	2	4	2389	15
2	1	2	4	2305	8
2	1	2	4	6435	4
2	2	1	1	4598	8
2	2	1	1	1378	18
2	2	1	1	7225	10
2	2	1	2	7608	11
2	2	1	2	7211	7
2	2	1	2	7602	14
2	2	1	3	8078	12
2	2	1	3	9557	5
2	2	1	3	5106	9
2	2	1	4	 509	12
2	2	1	4	8571	19
2	2	1	4	8765	9
2	2	2	1	5332	7
2	2	2	1	 373	5
2	2	2	1	4696	8
2	2	2	2	 591	2
2	2	2	2	5504	4
2	2	2	2	5846	10
2	2	2	3	6847	6
2	2	2	3	6027	14
2	2	2	3	8559	8
2	2	2	4	5315	7
2	2	2	4	3074	18
2	2	2	4	6577	9
2	2	2	4	 541	6
2	3	1	1	9794	5
2	3	1	1	 958	15
2	3	1	1	8292	18
2	3	1	2	9538	13
2	3	1	2	5284	18
2	3	1	2	9621	7
2	3	1	3	5494	19
2	3	1	3	 458	16
2	3	1	3	1359	14
2	3	1	4	1845	12
2	3	1	4	6186	6
2	3	1	4	7802	1
2	3	2	1	1390	6
2	3	2	1	3772	9
2	3	2	1	2844	6
2	3	2	2	8465	2
2	3	2	2	5204	6
2	3	2	2	1546	18
2	3	2	3	2987	3
2	3	2	3	4403	18
2	3	2	3	5090	1
2	3	2	4	5744	17
2	3	2	4	2718	18
2	3	2	4	1119	17
2	3	2	4	7535	4
2	4	1	1	1611	9
2	4	1	1	8037	16
2	4	1	1	6659	20
2	4	1	2	1338	1
2	4	1	2	4476	19
2	4	1	2	5179	17
2	4	1	3	4325	13
2	4	1	3	2316	8
2	4	1	3	9419	9
2	4	1	4	9336	8
2	4	1	4	6625	15
2	4	1	4	7080	19
2	4	2	1	6645	14
2	4	2	1	8003	5
2	4	2	1	5036	10
2	4	2	2	6083	13
2	4	2	2	1747	11
2	4	2	2	 741	8
2	4	2	3	3173	19
2	4	2	3	4538	17
2	4	2	3	8027	15
2	4	2	4	8748	15
2	4	2	4	1826	16
2	4	2	4	1264	6
2	4	2	4	8766	12
3	1	1	1	9867	3
3	1	1	1	3251	7
3	1	1	1	4008	10
3	1	1	2	3224	2
3	1	1	2	4584	9
3	1	1	2	 777	9
3	1	1	3	3238	4
3	1	1	3	8569	5
3	1	1	3	7572	18
3	1	1	4	5460	9
3	1	1	4	5192	18
3	1	1	4	4780	9
3	1	2	1	9327	11
3	1	2	1	5025	11
3	1	2	1	2495	11
3	1	2	2	6528	2
3	1	2	2	1157	7
3	1	2	2	3620	19
3	1	2	3	6406	8
3	1	2	3	 491	14
3	1	2	3	4991	9
3	1	2	4	7349	16
3	1	2	4	3555	12
3	1	2	4	 404	9
3	1	2	4	4944	11
3	2	1	1	 276	11
3	2	1	1	9886	4
3	2	1	1	2904	6
3	2	1	2	9197	20
3	2	1	2	 837	19
3	2	1	2	9813	19
3	2	1	3	6962	17
3	2	1	3	8183	5
3	2	1	3	4520	14
3	2	1	4	1128	12
3	2	1	4	7989	18
3	2	1	4	8385	3
3	2	2	1	9960	3
3	2	2	1	3480	4
3	2	2	1	8968	7
3	2	2	2	1106	8
3	2	2	2	9829	3
3	2	2	2	1654	19
3	2	2	3	2511	13
3	2	2	3	3960	13
3	2	2	3	5898	11
3	2	2	4	 916	20
3	2	2	4	2302	1
3	2	2	4	5926	12
3	2	2	4	8341	13
3	3	1	1	2542	13
3	3	1	1	4996	3
3	3	1	1	9722	4
3	3	1	2	6977	19
3	3	1	2	4670	10
3	3	1	2	8156	2
3	3	1	3	 662	14
3	3	1	3	8150	12
3	3	1	3	4077	5
3	3	1	4	 249	6
3	3	1	4	2161	15
3	3	1	4	7834	19
3	3	2	1	 539	10
3	3	2	1	 271	12
3	3	2	1	7217	17
3	3	2	2	2527	15
3	3	2	2	4375	19
3	3	2	2	6846	18
3	3	2	3	8328	2
3	3	2	3	3909	5
3	3	2	3	2141	20
3	3	2	4	4494	14
3	3	2	4	 666	14
3	3	2	4	5640	5
3	3	2	4	 469	4
3	4	1	1	7809	12
3	4	1	1	2991	19
3	4	1	1	7885	8
3	4	1	2	1657	4
3	4	1	2	6727	15
3	4	1	2	9498	8
3	4	1	3	4428	19
3	4	1	3	5844	11
3	4	1	3	7710	13
3	4	1	4	 950	15
3	4	1	4	 359	16
3	4	1	4	2171	18
3	4	2	1	4041	8
3	4	2	1	3586	12
3	4	2	1	1246	2
3	4	2	2	3106	7
3	4	2	2	 785	18
3	4	2	2	1771	17
3	4	2	3	6651	14
3	4	2	3	9362	4
3	4	2	3	1214	6
3	4	2	4	3211	10
3	4	2	4	7605	5
3	4	2	4	1660	19
3	4	2	4	4380	15
4	1	1	1	5223	12
4	1	1	1	9122	18
4	1	1	1	4455	15
4	1	1	2	 949	11
4	1	1	2	1264	2
4	1	1	2	5170	2
4	1	1	3	7648	19
4	1	1	3	4644	12
4	1	1	3	9336	16
4	1	1	4	3893	2
4	1	1	4	8352	17
4	1	1	4	9152	19
4	1	2	1	4342	7
4	1	2	1	4107	15
4	1	2	1	6035	19
4	1	2	2	 676	16
4	1	2	2	3922	2
4	1	2	2	8892	2
4	1	2	3	 792	9
4	1	2	3	7281	2
4	1	2	3	6667	2
4	1	2	4	7524	7
4	1	2	4	9732	5
4	1	2	4	5038	6
4	1	2	4	3809	17
4	2	1	1	9593	16
4	2	1	1	9170	20
4	2	1	1	2804	8
4	2	1	2	2423	6
4	2	1	2	7720	4
4	2	1	2	1333	6
4	2	1	3	7627	6
4	2	1	3	9945	10
4	2	1	3	4250	16
4	2	1	4	7261	2
4	2	1	4	6371	2
4	2	1	4	 624	11
4	2	2	1	1911	13
4	2	2	1	6894	8
4	2	2	1	 556	1
4	2	2	2	8874	10
4	2	2	2	9215	2
4	2	2	2	2122	6
4	2	2	3	7324	6
4	2	2	3	4179	12
4	2	2	3	 809	14
4	2	2	4	2924	7
4	2	2	4	3106	4
4	2	2	4	1451	5
4	2	2	4	7627	3
4	3	1	1	2256	6
4	3	1	1	5261	17
4	3	1	1	 505	6
4	3	1	2	7801	8
4	3	1	2	7131	10
4	3	1	2	1717	7
4	3	1	3	4056	18
4	3	1	3	1148	10
4	3	1	3	6689	4
4	3	1	4	6291	4
4	3	1	4	4476	12
4	3	1	4	9137	9
4	3	2	1	7666	4
4	3	2	1	7780	13
4	3	2	1	9647	19
4	3	2	2	5034	8
4	3	2	2	9788	10
4	3	2	2	2154	9
4	3	2	3	4043	12
4	3	2	3	 396	9
4	3	2	3	5062	15
4	3	2	4	2039	18
4	3	2	4	1885	7
4	3	2	4	3193	15
4	3	2	4	2854	2
4	4	1	1	9095	7
4	4	1	1	9780	2
4	4	1	1	2456	2
4	4	1	2	2708	14
4	4	1	2	4220	16
4	4	1	2	3584	18
4	4	1	3	4317	20
4	4	1	3	8939	5
4	4	1	3	4964	10
4	4	1	4	9889	6
4	4	1	4	9279	10
4	4	1	4	7629	15
4	4	2	1	4096	17
4	4	2	1	1295	6
4	4	2	1	2770	6
4	4	2	2	2787	11
4	4	2	2	8471	1
4	4	2	2	6698	19
4	4	2	3	6918	3
4	4	2	3	7357	11
4	4	2	3	6467	8
4	4	2	4	2655	16
4	4	2	4	9736	17
4	4	2	4	6445	7
4	4	2	4	3654	11
5	1	1	1	3641	18
5	1	1	1	6389	10
5	1	1	1	8479	5
5	1	1	2	1295	14
5	1	1	2	4237	12
5	1	1	2	9022	2
5	1	1	3	9016	14
5	1	1	3	8772	7
5	1	1	3	7364	9
5	1	1	4	3589	8
5	1	1	4	4331	3
5	1	1	4	8455	10
5	1	2	1	3877	8
5	1	2	1	2303	18
5	1	2	1	4419	10
5	1	2	2	6125	10
5	1	2	2	5104	14
5	1	2	2	1157	6
5	1	2	3	3356	8
5	1	2	3	2875	13
5	1	2	3	6097	5
5	1	2	4	9889	16
5	1	2	4	6935	14
5	1	2	4	6198	2
5	1	2	4	 251	14
5	2	1	1	4536	20
5	2	1	1	9462	19
5	2	1	1	5111	7
5	2	1	2	1558	14
5	2	1	2	4770	19
5	2	1	2	4463	10
5	2	1	3	5732	2
5	2	1	3	7309	20
5	2	1	3	5450	17
5	2	1	4	7086	6
5	2	1	4	4412	19
5	2	1	4	9442	19
5	2	2	1	 667	11
5	2	2	1	6421	6
5	2	2	1	5657	4
5	2	2	2	3443	13
5	2	2	2	6055	10
5	2	2	2	1516	2
5	2	2	3	3854	14
5	2	2	3	6886	19
5	2	2	3	9656	3
5	2	2	4	3389	12
5	2	2	4	7302	3
5	2	2	4	8087	18
5	2	2	4	5602	12
5	3	1	1	2324	6
5	3	1	1	8886	18
5	3	1	1	9213	6
5	3	1	2	4382	15
5	3	1	2	3994	18
5	3	1	2	2487	19
5	3	1	3	8048	17
5	3	1	3	9726	4
5	3	1	3	7479	15
5	3	1	4	1669	9
5	3	1	4	5882	2
5	3	1	4	7279	7
5	3	2	1	2497	13
5	3	2	1	4670	2
5	3	2	1	6088	9
5	3	2	2	9066	18
5	3	2	2	2735	17
5	3	2	2	2033	16
5	3	2	3	3232	2
5	3	2	3	7566	17
5	3	2	3	9734	6
5	3	2	4	5538	4
5	3	2	4	 397	20
5	3	2	4	8006	14
5	3	2	4	 882	12
5	4	1	1	6908	10
5	4	1	1	8559	5
5	4	1	1	9453	3
5	4	1	2	7809	2
5	4	1	2	5078	15
5	4	1	2	9640	15
5	4	1	3	3421	6
5	4	1	3	4686	3
5	4	1	3	4257	13
5	4	1	4	7046	3
5	4	1	4	5820	16
5	4	1	4	3698	8
5	4	2	1	5006	13
5	4	2	1	7307	2
5	4	2	1	6367	6
5	4	2	2	1320	8
5	4	2	2	2257	6
5	4	2	2	2019	2
5	4	2	3	7808	15
5	4	2	3	5746	15
5	4	2	3	2952	5
5	4	2	4	5377	10
5	4	2	4	5037	11
5	4	2	4	1826	14
5	4	2	4	2710	10
