29 6 9 1
L21.V
L37.J
L20.B
L29.V
L36.B
L16.J
1	22	11	11	11	55	55
1	77	11	55	11	22	55
1	22	11	55	22	55	55
1	77	11	55	11	22	55
1	27	23	55	22	22	57
1	22	11	55	22	55	55
1	22	11	11	11	55	55
1	77	22	55	11	22	77
1	22	11	55	22	22	55
1	77	22	55	11	22	77
1	22	22	55	22	55	77
1	27	23	55	22	22	55
1	77	11	55	11	22	55
2	22	22	55	22	55	77
2	22	22	11	11	22	77
2	22	11	55	22	55	55
2	22	11	55	22	22	57
2	22	22	55	22	55	77
2	22	22	11	11	22	77
2	27	11	55	22	22	55
2	22	11	55	22	22	55
2	22	11	55	22	55	55
2	27	11	55	22	22	55
2	22	11	55	22	22	55
2	22	11	55	22	22	55
3	22	13	35	0	11	55
3	22	11	55	22	22	55
3	36	33	55	22	22	55
3	66	33	55	44	22	55
3	66	33	55	44	22	55
3	24	23	55	45	22	56
3	24	11	35	44	33	15
3	24	33	35	45	11	55
3	44	11	55	44	33	55
3	66	11	55	44	33	11
3	22	33	33	55	11	55
3	66	23	33	45	22	55
3	44	11	55	44	33	55
3	44	33	55	44	22	66
3	23	13	55	44	22	55
4	44	23	55	44	22	11
4	66	33	55	44	33	55
4	44	22	55	44	22	11
4	46	11	55	44	22	55
4	44	11	55	44	22	55
4	44	11	55	44	33	56
4	44	22	55	44	33	55
4	44	22	55	44	33	55
4	66	11	55	22	22	11
4	66	33	15	44	33	55
4	44	11	55	44	33	55
4	66	33	55	44	22	66
4	44	11	55	44	33	66
4	44	12	55	44	22	66
4	33	13	55	22	34	55
5	22	11	55	22	22	11
5	22	22	11	22	22	11
5	22	11	55	22	22	11
5	22	11	55	22	22	11
5	22	11	55	22	22	11
5	22	22	11	22	22	11
5	22	22	11	22	22	11
5	22	11	15	22	22	11
5	22	11	15	22	22	11
5	22	11	15	22	22	11
5	22	11	55	22	44	11
5	22	11	11	22	22	11
5	22	11	55	22	22	11
6	55	11	55	44	0	11
6	55	11	55	44	22	99
6	55	11	55	44	22	11
6	55	11	55	44	22	11
6	55	11	55	44	22	99
6	55	11	55	44	22	99
6	55	11	55	44	22	11
6	55	11	55	44	22	11
6	55	11	55	44	22	99
6	55	11	55	44	22	11
6	55	11	55	0	22	11
6	55	11	55	0	22	11
7	55	11	55	44	22	99
7	55	11	55	44	22	11
7	55	11	55	44	22	11
7	55	11	55	44	22	11
7	55	11	55	44	22	11
7	55	11	55	44	22	11
7	55	11	55	44	22	11
7	55	11	55	44	22	11
7	55	11	55	0	22	11
7	55	11	55	44	22	11
7	55	11	55	0	22	11
7	55	11	55	44	22	11
7	55	11	55	44	22	11
7	55	11	66	0	22	11
7	55	11	55	44	22	11
8	55	11	55	0	22	11
8	55	11	55	0	22	11
8	55	11	55	44	22	11
8	55	11	55	44	22	11
8	55	11	55	0	22	11
8	55	11	55	44	22	11
8	55	11	55	44	22	11
8	55	11	55	44	22	11
8	0	11	55	0	22	11
8	55	11	55	44	22	11
8	55	11	55	0	22	11
8	55	11	55	44	22	11
8	55	11	55	0	22	11
8	55	11	55	0	22	11
9	55	11	55	44	22	11
9	55	11	55	44	22	11
9	55	11	55	44	22	11
9	55	11	55	44	22	11
9	55	11	55	44	22	99
9	55	11	55	44	22	11
9	55	11	55	44	22	11
9	55	11	55	44	22	11
9	55	11	55	44	22	11
9	55	11	55	44	22	11
9	55	11	55	44	22	11
9	55	0	0	44	22	0
9	55	0	0	44	0	0
10	55	11	55	44	22	11
10	55	11	55	44	22	11
10	55	11	55	44	22	11
10	55	11	55	44	22	11
10	55	11	55	44	22	11
10	55	11	55	44	22	11
10	55	11	55	44	22	11
10	55	11	55	44	22	11
10	55	11	55	44	22	11
10	55	11	55	44	22	11
10	55	11	55	44	22	11
10	55	11	66	44	0	0
10	55	11	55	44	22	11
10	55	11	55	44	22	11
10	55	11	55	44	22	11
11	22	22	44	33	22	33
11	66	22	44	44	44	23
11	66	22	44	33	22	33
11	66	22	44	44	33	22
11	22	22	44	33	22	33
11	66	22	44	44	33	22
11	22	22	44	11	44	33
11	22	22	55	33	22	33
11	22	22	44	11	44	33
11	22	22	44	11	44	33
11	22	22	44	11	44	33
12	22	22	44	33	22	33
12	22	22	44	33	22	33
12	66	22	44	44	33	22
12	66	22	44	44	33	22
12	66	22	44	33	33	22
12	22	22	44	33	22	33
12	66	22	44	44	33	22
12	22	22	44	33	22	33
12	22	22	44	11	33	33
12	22	22	44	33	33	23
12	22	22	44	11	33	33
13	66	22	44	34	33	22
13	66	22	44	44	33	22
13	22	22	55	33	36	33
13	66	22	44	44	33	22
13	66	22	44	33	33	22
13	66	22	44	44	33	22
13	66	22	44	44	33	22
13	66	22	44	44	33	22
13	66	22	44	44	33	22
13	66	22	44	44	33	22
13	22	22	44	33	22	33
13	16	22	44	44	33	22
13	22	22	44	33	33	22
14	15	22	44	44	33	22
14	66	22	44	44	33	22
14	22	22	44	11	44	33
14	66	22	44	44	33	22
14	22	22	44	33	22	33
14	66	22	44	44	55	22
14	22	22	44	33	22	23
14	66	22	44	33	33	22
14	66	22	44	44	33	22
14	66	22	44	44	33	22
14	22	22	44	33	22	33
14	66	22	44	33	33	22
14	66	22	44	44	33	22
15	55	33	55	11	77	77
15	55	33	55	11	33	77
15	55	33	55	22	33	66
15	55	23	55	11	33	77
15	55	33	55	11	77	77
15	55	33	55	11	77	77
15	55	33	55	11	77	77
15	55	33	55	11	77	77
15	22	33	55	44	77	77
15	55	33	55	11	33	77
15	55	33	55	11	77	77
15	55	33	55	11	33	77
15	55	33	55	11	77	77
15	55	33	55	11	77	77
16	55	33	55	11	37	37
16	55	23	55	11	67	77
16	55	22	55	11	77	37
16	55	33	55	11	77	77
16	55	33	55	22	33	66
16	55	33	55	22	33	66
16	55	33	55	44	33	77
16	55	33	55	11	77	77
16	55	33	55	11	77	77
16	55	22	55	11	33	77
16	55	33	55	12	37	66
16	55	23	55	11	37	77
16	55	33	55	11	77	77
16	22	33	55	44	77	33
16	55	33	55	11	33	77
17	55	33	55	11	33	77
17	55	22	55	11	77	77
17	55	33	55	11	33	77
17	55	33	55	11	33	77
17	55	33	55	11	33	77
17	55	33	55	11	33	77
17	55	33	55	11	33	77
17	55	33	55	22	33	66
17	55	33	55	11	33	77
17	55	33	55	22	33	77
17	55	33	55	11	33	77
17	55	33	55	11	33	66
17	55	33	55	11	22	77
17	55	22	55	11	77	77
17	55	33	55	11	33	67
18	55	33	55	11	33	77
18	55	33	55	11	33	77
18	55	33	55	11	33	77
18	55	33	55	11	33	77
18	55	33	55	11	33	66
18	55	33	55	11	33	77
18	55	33	55	11	33	77
18	55	33	55	11	33	77
18	55	33	55	11	33	77
18	55	33	55	11	22	77
18	55	33	55	11	33	66
18	55	33	55	11	33	77
18	55	23	55	11	33	77
18	55	23	55	12	33	66
18	55	33	55	11	33	66
19	22	33	55	11	33	77
19	25	33	55	12	33	67
19	22	33	55	11	33	66
19	22	33	55	11	33	66
19	55	33	55	22	33	66
19	55	33	55	22	33	66
19	55	33	55	11	77	77
19	25	23	55	11	33	66
19	55	33	55	22	33	66
19	55	33	55	11	66	33
19	55	22	55	22	33	66
19	55	33	55	11	33	77
19	22	33	55	11	33	67
20	33	11	55	11	44	77
20	22	33	55	11	55	11
20	33	11	55	22	44	11
20	33	11	55	11	44	17
20	33	11	55	11	45	11
20	33	13	55	12	45	11
20	33	33	55	11	44	11
20	33	11	55	11	44	77
20	33	11	55	12	44	11
20	33	33	55	11	44	11
20	33	11	55	11	44	77
20	23	13	15	22	45	17
20	22	11	55	11	44	11
20	33	11	11	0	44	0
21	35	11	15	12	44	17
21	33	11	11	22	44	77
21	33	11	11	22	44	77
21	33	11	11	22	44	77
21	33	11	15	22	44	17
21	33	11	11	22	44	77
21	33	11	11	11	44	11
21	35	11	15	12	44	11
21	33	11	11	11	44	11
21	35	11	55	22	44	17
21	22	11	15	11	44	11
21	33	11	11	22	44	77
21	33	11	11	22	44	77
21	33	11	55	11	55	11
21	55	11	55	11	44	11
22	55	11	11	11	55	11
22	55	11	11	11	55	11
22	55	11	11	11	66	11
22	55	11	11	11	66	11
22	55	11	11	11	66	11
22	55	11	11	11	66	11
22	55	11	11	11	55	11
22	55	11	11	11	66	11
22	55	11	11	11	66	11
22	55	11	11	11	55	11
22	55	11	11	11	56	11
22	55	11	11	11	66	11
22	55	11	11	11	66	11
22	55	11	11	11	66	11
23	22	11	11	11	45	11
23	22	33	55	11	44	11
23	22	11	11	11	55	11
23	22	33	55	11	44	11
23	22	11	11	11	44	77
23	22	11	11	11	55	11
23	33	11	15	12	45	11
23	22	11	11	12	44	11
23	33	11	11	22	44	77
23	33	11	55	11	44	77
23	0	0	55	0	22	11
23	33	11	55	22	44	77
23	33	11	11	22	44	11
23	22	11	55	22	44	11
23	33	11	11	11	55	11
24	55	11	11	11	55	11
24	55	11	11	11	66	11
24	55	11	11	11	55	11
24	55	11	11	11	66	11
24	55	11	11	11	55	11
24	55	11	11	11	55	11
24	55	11	11	11	66	11
24	55	11	11	11	55	11
24	55	11	11	11	55	11
24	55	11	11	11	55	11
24	55	11	11	11	55	11
24	55	11	11	11	55	11
24	55	11	11	11	55	11
24	55	11	11	11	66	11
24	55	11	11	11	66	11
25	22	33	66	33	66	22
25	55	33	66	55	66	22
25	55	22	55	22	66	22
25	55	33	55	33	66	22
25	55	33	55	23	66	12
25	55	33	55	35	66	22
25	55	33	55	22	66	22
25	55	22	55	33	36	12
25	25	33	55	23	66	22
25	25	33	55	33	66	22
25	55	33	55	33	66	22
25	55	33	55	22	66	22
26	55	23	55	33	66	22
26	22	23	55	33	36	12
26	25	23	56	33	66	12
26	25	33	55	33	66	22
26	55	23	56	23	56	22
26	22	22	55	33	33	22
26	22	33	55	33	66	22
26	55	33	55	33	66	12
27	55	33	55	55	66	11
27	25	33	56	55	33	11
27	55	22	55	22	66	22
27	55	33	55	22	66	22
27	55	33	55	33	36	22
27	55	23	55	23	66	22
27	55	22	55	23	36	22
27	25	33	55	23	66	22
27	25	33	55	35	66	22
27	55	33	55	33	33	12
28	55	33	55	33	66	11
28	22	22	55	33	66	22
28	55	33	55	33	66	22
28	25	33	55	35	66	22
28	55	33	56	23	56	12
29	55	33	55	22	66	22
29	25	33	56	33	66	22
29	55	33	55	33	33	11
29	22	23	55	55	66	12
29	55	33	56	33	36	12
